# Det  a^2    b^2    c^2    u_a^2  u_b^2  u_c^2
S1_01  0.0541 0.0882 0.0120 0.0013 0.0006 0.0007
S1_02  0.0732 0.1079 0.0122 0.0012 0.0007 0.0008
S1_03  0.0693 0.0857 0.0196 0.0015 0.0009 0.0006
S1_04  0.0203 0.1272 0.0078 0.0047 0.0006 0.0013
S1_05  0.0708 0.1035 0.0000 0.0009 0.0006 1393.8674
S2_01  0.0546 0.0946 0.0000 0.0023 0.0016 4480.9181
S2_02  0.0524 0.1384 0.0000 0.0068 0.0044 24034.4130
S2_03  0.0735 0.0946 0.0239 0.0032 0.0038 0.0049
S2_04  0.0640 0.0948 0.0000 0.0015 0.0013 3928.3805
S2_05  0.0543 0.1106 0.0000 0.0018 0.0013 5490.8791
S2_06  0.0528 0.1299 0.0158 0.0015 0.0011 0.0031
S2_07  0.0714 0.1891 0.0482 0.0014 0.0014 0.0025
S2_08  0.0775 0.0914 0.0313 0.0021 0.0026 0.0024
S2_09  0.0533 0.1062 0.0200 0.0013 0.0014 0.0029
S2_10  0.0559 0.1068 0.0000 0.0033 0.0021 332.7008
S2_11  0.0489 0.1038 0.0000 0.0026 0.0020 66.1711
S2_12  0.0567 0.1044 0.0395 0.0029 0.0022 0.0017
S2_13  0.0649 0.1129 0.0191 0.0032 0.0025 0.0037
S2_14  0.0513 0.1007 0.0051 0.0034 0.0027 0.0173
S2_15  0.0585 0.1402 0.0000 0.0029 0.0014 5122.3733
S2_16  0.0495 0.1121 0.0286 0.0017 0.0017 0.0029
S2_17  0.0632 0.1188 0.0360 0.0010 0.0010 0.0011
S2_18  0.0616 0.0878 0.0316 0.0010 0.0011 0.0010
S2_19  0.0507 0.0897 0.0121 0.0022 0.0019 0.0046
S2_20  0.0566 0.1082 0.0468 0.0008 0.0011 0.0012
S2_21  0.0562 0.1072 0.0000 0.0027 0.0023 11496.5919
S2_22  0.0551 0.1018 0.0216 0.0014 0.0012 0.0019
S2_23  0.0529 0.1548 0.0161 0.0020 0.0014 0.0057
S2_24  0.0545 0.0956 0.0109 0.0018 0.0019 0.0063
S2_25  0.0558 0.1046 0.0000 0.0014 0.0012 3834.0159
S2_26  0.0553 0.1334 0.0182 0.0017 0.0013 0.0035
S2_27  0.0528 0.1118 0.0227 0.0013 0.0014 0.0029
S2_28  0.0599 0.1061 0.0176 0.0018 0.0014 0.0024
S2_29  0.0614 0.1094 0.0219 0.0038 0.0024 0.0030
S2_30  0.0479 0.1164 0.0133 0.0382 0.0140 0.0257
S2_31  0.0341 0.1664 0.0557 0.0028 0.0012 0.0014
S2_32  0.0685 0.0716 0.0352 0.0006 0.0011 0.0008
