# Det  a      b      c      u_a    u_b    u_c
S1_01  0.1949 0.2387 0.0000 0.0019 0.0010 2885.2311
S1_02  0.2500 0.2881 0.0000 0.0019 0.0011 3378.3523
S1_03  0.2181 0.2425 0.0567 0.0039 0.0026 0.0017
S1_04  0.1167 0.3589 0.0462 0.0070 0.0018 0.0020
S1_05  0.2513 0.2668 0.0000 0.0014 0.0010 3785.3953
S2_01  0.1827 0.1959 0.0521 0.0040 0.0035 0.0026
S2_02  0.1282 0.3330 0.0326 0.0123 0.0072 0.0240
S2_03  0.2132 0.2202 0.0573 0.0038 0.0053 0.0057
S2_04  0.2155 0.1944 0.0533 0.0021 0.0029 0.0023
S2_05  0.1996 0.2224 0.0637 0.0022 0.0027 0.0023
S2_06  0.1795 0.2851 0.0648 0.0020 0.0021 0.0027
S2_07  0.1839 0.4117 0.0509 0.0015 0.0015 0.0040
S2_08  0.2123 0.2196 0.0656 0.0028 0.0038 0.0034
S2_09  0.1811 0.2071 0.0563 0.0017 0.0022 0.0022
S2_10  0.1618 0.2360 0.0433 0.0052 0.0037 0.0043
S2_11  0.1753 0.2024 0.0499 0.0027 0.0030 0.0030
S2_12  0.1863 0.2245 0.1054 0.0043 0.0046 0.0026
S2_13  0.2019 0.2341 0.0709 0.0047 0.0047 0.0033
S2_14  0.1803 0.2082 0.0506 0.0038 0.0042 0.0045
S2_15  0.2022 0.2782 0.0940 0.0040 0.0034 0.0023
S2_16  0.1660 0.2693 0.0739 0.0026 0.0032 0.0045
S2_17  0.1934 0.2745 0.0920 0.0017 0.0020 0.0019
S2_18  0.1916 0.1996 0.0850 0.0017 0.0024 0.0016
S2_19  0.1804 0.1983 0.0658 0.0033 0.0042 0.0037
S2_20  0.1888 0.2054 0.1084 0.0009 0.0018 0.0014
S2_21  0.1801 0.2565 0.0612 0.0045 0.0049 0.0068
S2_22  0.1783 0.2311 0.0763 0.0021 0.0025 0.0023
S2_23  0.1651 0.3739 0.0763 0.0033 0.0029 0.0054
S2_24  0.1873 0.2048 0.0646 0.0022 0.0033 0.0036
S2_25  0.1841 0.2566 0.0576 0.0027 0.0031 0.0045
S2_26  0.1834 0.3026 0.0869 0.0024 0.0026 0.0031
S2_27  0.1706 0.2524 0.0670 0.0016 0.0022 0.0031
S2_28  0.2022 0.2307 0.0884 0.0029 0.0035 0.0026
S2_29  0.1760 0.2396 0.0703 0.0046 0.0037 0.0029
S2_30  0.3369 0.0000 0.0706 0.0036 109907.0194 0.0018
S2_31  0.1237 0.3520 0.1520 0.0032 0.0021 0.0018
S2_32  0.2130 0.1420 0.0823 0.0008 0.0020 0.0011
