# Det  a^2    b^2    c^2    u_a^2  u_b^2  u_c^2
S1_01  0.0541 0.0955 0.0142 0.0017 0.0008 0.0008
S1_02  0.0715 0.1115 0.0125 0.0013 0.0007 0.0009
S1_03  0.0753 0.0801 0.0197 0.0013 0.0009 0.0005
S1_04  0.0204 0.1368 0.0086 0.0056 0.0007 0.0015
S1_05  0.0745 0.1075 0.0000 0.0010 0.0007 1780.4735
S2_01  0.0544 0.0972 0.0000 0.0026 0.0017 5240.1495
S2_02  0.0541 0.1403 0.0000 0.0073 0.0049 35555.4589
S2_03  0.0812 0.0907 0.0342 0.0038 0.0052 0.0048
S2_04  0.0637 0.0987 0.0000 0.0017 0.0015 4826.0708
S2_05  0.0558 0.1175 0.0082 0.0024 0.0017 0.0075
S2_06  0.0549 0.1347 0.0187 0.0018 0.0013 0.0034
S2_07  0.0745 0.2101 0.0624 0.0019 0.0019 0.0034
S2_08  0.0781 0.0929 0.0345 0.0024 0.0030 0.0026
S2_09  0.0530 0.1167 0.0249 0.0019 0.0019 0.0040
S2_10  0.0571 0.1105 0.0000 0.0037 0.0024 9515.2372
S2_11  0.0506 0.1093 0.0074 0.0032 0.0026 0.0135
S2_12  0.0600 0.1144 0.0518 0.0041 0.0034 0.0026
S2_13  0.0625 0.1348 0.0261 0.0076 0.0049 0.0075
S2_14  0.0505 0.1085 0.0000 0.0047 0.0035 11263.4841
S2_15  0.0589 0.1468 0.0000 0.0033 0.0015 6220.0572
S2_16  0.0504 0.1091 0.0288 0.0015 0.0016 0.0026
S2_17  0.0644 0.1229 0.0389 0.0011 0.0011 0.0012
S2_18  0.0637 0.0882 0.0356 0.0011 0.0013 0.0011
S2_19  0.0514 0.0950 0.0163 0.0030 0.0026 0.0051
S2_20  0.0581 0.1119 0.0538 0.0010 0.0013 0.0014
S2_21  0.0573 0.1149 0.0000 0.0037 0.0031 17761.3801
S2_22  0.0518 0.1144 0.0241 0.0021 0.0017 0.0030
S2_23  0.0559 0.1623 0.0223 0.0023 0.0018 0.0056
S2_24  0.0585 0.0963 0.0226 0.0021 0.0025 0.0043
S2_25  0.0543 0.1154 0.0000 0.0020 0.0017 9625.2237
S2_26  0.0608 0.1640 0.0402 0.0039 0.0032 0.0060
S2_27  0.0499 0.1255 0.0205 0.0019 0.0018 0.0054
S2_28  0.0677 0.1118 0.0287 0.0025 0.0022 0.0027
S2_29  0.0878 0.1160 0.0488 0.0077 0.0076 0.0054
S2_30  0.0841 0.0660 0.0162 0.0028 0.0024 0.0015
S2_31  0.0335 0.1751 0.0603 0.0035 0.0014 0.0017
S2_32  0.0632 0.0854 0.0376 0.0008 0.0013 0.0012
