# Det  a      b      c      u_a    u_b    u_c
S1_01  0.1810 0.2494 0.0338 0.0029 0.0018 0.0019
S1_02  0.2284 0.3052 0.0346 0.0030 0.0019 0.0023
S1_03  0.2190 0.2419 0.0558 0.0038 0.0026 0.0017
S1_04  0.1124 0.3599 0.0220 0.0068 0.0016 0.0036
S1_05  0.2218 0.2928 0.0000 0.0022 0.0016 10975.1177
S2_01  0.1822 0.2674 0.0000 0.0053 0.0042 34091.0227
S2_02  0.1768 0.3914 0.0000 0.0152 0.0118 186781.6279
S2_03  0.2290 0.2676 0.0676 0.0082 0.0106 0.0138
S2_04  0.2051 0.2680 0.0000 0.0037 0.0037 29689.5723
S2_05  0.1814 0.3128 0.0000 0.0043 0.0036 42379.0393
S2_06  0.1775 0.3675 0.0445 0.0035 0.0032 0.0089
S2_07  0.2236 0.5351 0.1361 0.0035 0.0038 0.0070
S2_08  0.2396 0.2586 0.0887 0.0054 0.0074 0.0067
S2_09  0.1790 0.3005 0.0566 0.0032 0.0039 0.0083
S2_10  0.1853 0.3019 0.0000 0.0078 0.0060 2365.0997
S2_11  0.1687 0.2935 0.0000 0.0059 0.0056 141.6892
S2_12  0.1871 0.2954 0.1117 0.0069 0.0062 0.0049
S2_13  0.2075 0.3193 0.0541 0.0081 0.0069 0.0104
S2_14  0.1743 0.2849 0.0141 0.0080 0.0075 0.0499
S2_15  0.1914 0.3966 0.0000 0.0072 0.0039 41130.8475
S2_16  0.1700 0.3170 0.0808 0.0039 0.0046 0.0082
S2_17  0.2027 0.3364 0.1016 0.0024 0.0028 0.0032
S2_18  0.1987 0.2487 0.0888 0.0024 0.0032 0.0028
S2_19  0.1729 0.2537 0.0342 0.0052 0.0054 0.0127
S2_20  0.1868 0.3060 0.1324 0.0019 0.0031 0.0035
S2_21  0.1860 0.3033 0.0000 0.0064 0.0062 80903.7740
S2_22  0.1833 0.2878 0.0613 0.0032 0.0035 0.0053
S2_23  0.1780 0.4378 0.0455 0.0047 0.0041 0.0161
S2_24  0.1818 0.2705 0.0308 0.0042 0.0052 0.0177
S2_25  0.1850 0.2957 0.0000 0.0031 0.0033 41245.1299
S2_26  0.1836 0.3774 0.0514 0.0039 0.0037 0.0098
S2_27  0.1778 0.3163 0.0642 0.0030 0.0038 0.0082
S2_28  0.1947 0.3003 0.0496 0.0044 0.0040 0.0068
S2_29  0.1986 0.3094 0.0618 0.0093 0.0069 0.0085
S2_30  0.1650 0.3298 0.0364 0.0885 0.0392 0.0751
S2_31  0.1369 0.4702 0.1578 0.0056 0.0033 0.0039
S2_32  0.2170 0.2012 0.1003 0.0014 0.0029 0.0022
