# Det  a      b      c      u_a    u_b    u_c
S1_01  0.1807 0.2701 0.0401 0.0041 0.0023 0.0024
S1_02  0.2240 0.3156 0.0352 0.0033 0.0020 0.0026
S1_03  0.2347 0.2261 0.0561 0.0032 0.0025 0.0014
S1_04  0.1125 0.3870 0.0244 0.0080 0.0019 0.0042
S1_05  0.2317 0.3042 0.0000 0.0025 0.0019 14163.1542
S2_01  0.1815 0.2749 0.0000 0.0062 0.0048 41698.7559
S2_02  0.1808 0.3967 0.0000 0.0168 0.0131 191005.4188
S2_03  0.2490 0.2566 0.0966 0.0098 0.0148 0.0135
S2_04  0.2044 0.2791 0.0000 0.0043 0.0041 37850.1393
S2_05  0.1851 0.3322 0.0233 0.0058 0.0049 0.0211
S2_06  0.1826 0.3810 0.0527 0.0042 0.0037 0.0095
S2_07  0.2310 0.5953 0.1745 0.0048 0.0054 0.0097
S2_08  0.2411 0.2627 0.0977 0.0061 0.0084 0.0072
S2_09  0.1783 0.3302 0.0703 0.0044 0.0054 0.0113
S2_10  0.1880 0.3126 0.0000 0.0088 0.0067 67903.9850
S2_11  0.1726 0.3091 0.0212 0.0075 0.0072 0.0377
S2_12  0.1953 0.3237 0.1464 0.0102 0.0097 0.0073
S2_13  0.2014 0.3813 0.0738 0.0190 0.0138 0.0213
S2_14  0.1723 0.3068 0.0000 0.0104 0.0093 133280.1246
S2_15  0.1924 0.4152 0.0000 0.0080 0.0042 44820.7042
S2_16  0.1722 0.3084 0.0814 0.0036 0.0044 0.0074
S2_17  0.2059 0.3480 0.1097 0.0027 0.0031 0.0035
S2_18  0.2039 0.2501 0.1004 0.0027 0.0037 0.0030
S2_19  0.1746 0.2687 0.0464 0.0070 0.0072 0.0142
S2_20  0.1907 0.3163 0.1521 0.0023 0.0037 0.0040
S2_21  0.1885 0.3250 0.0000 0.0088 0.0086 136969.9988
S2_22  0.1755 0.3236 0.0683 0.0049 0.0048 0.0083
S2_23  0.1851 0.4590 0.0630 0.0055 0.0050 0.0159
S2_24  0.1917 0.2722 0.0643 0.0050 0.0069 0.0120
S2_25  0.1813 0.3264 0.0000 0.0046 0.0047 75421.4539
S2_26  0.1971 0.4637 0.1138 0.0095 0.0089 0.0170
S2_27  0.1710 0.3549 0.0579 0.0045 0.0051 0.0152
S2_28  0.2144 0.3163 0.0810 0.0062 0.0062 0.0076
S2_29  0.2655 0.3292 0.1373 0.0204 0.0213 0.0153
S2_30  0.2566 0.1868 0.0459 0.0071 0.0068 0.0041
S2_31  0.1360 0.4948 0.1710 0.0068 0.0039 0.0047
S2_32  0.2036 0.2408 0.1072 0.0020 0.0036 0.0033
